zipcode,count
32137,1127
78245,1121
34747,1095
78253,1046
33131,1006
78254,995
33137,912
33132,888
34746,852
33133,773
33130,769
77845,749
33178,719
33140,715
33141,696
33160,687
33308,674
34759,664
32218,663
77008,639
33319,638
32164,614
77007,612
33304,604
33301,597
34135,593
33154,591
32259,588
32256,582
33647,572
33139,564
33180,559
77024,550
78261,520
79928,500
79938,500
77407,475
32210,464
28278,462
77018,459
77057,454
33311,453
78260,452
33179,451
75071,441
33019,441
33156,435
77080,431
37042,427
33312,425
77055,425
78209,422
77009,422
37209,417
33914,414
28205,406
34744,399
34481,393
20002,393
92618,392
77019,389
78244,389
37013,387
33313,385
27703,385
77004,380
44102,379
33157,376
34758,374
75230,371
77406,370
33129,369
75206,366
37043,364
28215,358
77056,358
78258,355
33321,354
78738,353
20011,352
77043,350
77096,348
75219,348
33138,347
34476,341
33149,340
33316,336
33134,335
78252,334
77083,334
28277,333
76107,333
34472,332
75070,329
77044,325
76131,322
28078,322
33143,321
32824,320
33018,319
32208,319
32205,318
76179,317
33322,317
32222,317
34134,314
78737,313
60611,310
37205,310
78045,309
77077,308
77339,308
60614,305
28269,304
77084,302
32836,300
34953,299
33401,299
32207,299
76123,297
77025,297
75209,296
37215,295
75208,295
78255,295
33706,294
77079,293
32413,292
32827,292
33904,291
33629,291
32404,291
33186,290
78046,289
33707,288
77573,288
32226,288
30331,287
32209,286
77386,285
33305,284
32832,284
33708,283
77006,283
89521,281
90069,281
34482,281
33604,281
75204,281
37128,279
77027,277
20001,276
32250,272
33611,272
28210,271
32244,271
76126,271
80204,270
33027,269
34473,269
28226,268
33176,268
20009,267
78665,266
32408,266
77584,266
33703,265
37211,265
33015,265
33076,264
77035,264
32828,264
34741,264
30318,264
37221,264
32211,262
19146,261
76108,261
20019,259
30349,258
33950,258
98682,258
44121,257
32225,257
33610,256
27519,256
33615,256
78233,254
28546,254
20020,253
78734,252
78247,251
77005,250
33334,250
77088,249
33181,248
44113,248
48205,248
28227,247
32822,247
78210,247
33155,246
44125,244
37208,243
77840,242
28411,242
90046,240
32461,240
33715,240
78504,240
32819,239
75229,238
92037,238
33145,238
44118,238
44120,237
97229,237
30327,236
30328,236
77375,235
44124,235
80602,235
33177,235
33317,233
78222,233
11234,233
37405,233
32224,232
33702,232
76244,232
34748,231
75228,230
28211,230
89135,230
44107,229
28214,227
33324,226
44109,225
34480,225
37206,224
89148,223
32835,223
28216,223
75214,222
89511,222
77091,222
77082,221
77042,221
33309,221
33169,221
33917,221
33142,221
78223,220
77021,220
33713,220
34609,219
44105,219
33993,218
48224,218
33125,217
77069,217
75205,216
34952,216
89506,215
33161,214
32507,214
89121,212
60657,212
77095,211
33162,211
60628,211
77354,210
27614,209
33147,208
34223,208
30316,208
79912,207
33701,207
77026,207
28540,207
78704,206
32808,205
33331,204
37027,204
33705,204
37129,204
28115,204
77389,203
33710,202
11201,202
78242,201
32825,201
89141,200
75248,199
33021,198
32216,198
28025,197
93727,197
30305,196
28027,196
33625,196
48227,196
76542,195
33325,195
60619,195
78250,195
78212,195
75216,195
98103,195
32407,194
20010,194
30310,193
78249,193
34986,192
32909,192
37076,192
44128,192
30319,192
37138,192
79705,191
77036,190
77063,190
33351,190
77070,190
33952,190
37207,190
32258,189
89123,189
33315,189
89117,188
85340,188
78218,188
75225,187
33166,187
33012,186
33617,186
48228,186
11235,186
33712,185
37421,185
33062,185
27603,185
78230,184
79707,184
19147,184
48238,184
20007,184
44137,184
32257,183
89509,183
19148,182
32738,182
98118,181
77382,181
33619,181
30315,181
60610,181
60647,181
89131,181
33704,180
32217,180
33327,180
27713,179
33971,179
33127,179
33767,179
33025,179
44122,178
30528,178
43147,178
32837,177
32221,177
89149,177
76109,177
78202,176
89110,176
10314,175
28306,175
20018,175
60620,175
37216,175
89178,175
33936,174
78201,174
33407,174
60014,174
32206,172
99208,172
28208,172
89113,172
77003,172
60618,172
32821,172
33020,172
33185,171
30342,171
44111,170
37040,170
32246,170
33146,170
77051,170
78220,169
11229,169
76052,169
75218,169
77054,169
93722,169
33981,168
27610,168
33511,168
33165,168
44130,168
89108,167
28314,167
32907,167
78239,166
33955,166
33709,166
33065,165
78221,165
33603,165
30309,165
60622,164
32405,164
33605,164
77059,164
75243,164
34470,163
33624,163
33016,163
80229,163
33024,162
34471,162
78257,162
33711,162
37115,162
46203,162
32223,162
32725,162
78745,161
28104,161
77022,161
32818,160
98042,160
34491,160
27707,159
46201,159
76116,159
89523,159
33801,159
37130,159
98198,159
89129,159
32219,159
78251,158
77098,158
33029,158
20016,158
48206,158
33618,158
89147,158
33183,157
43110,157
92648,157
32806,157
94533,157
33612,156
60617,156
76114,156
33187,156
11354,155
80211,155
28409,155
33054,155
60643,155
94539,155
19145,154
33314,154
76137,154
33330,154
33196,154
33609,154
89138,154
98110,154
78232,153
37363,152
33810,152
11214,152
32233,152
33150,151
89122,150
92620,150
32833,150
77089,150
32804,149
33991,149
33055,149
33328,148
90068,148
34608,148
27104,148
32803,148
28412,148
37660,148
60634,147
89115,147
30324,147
28273,147
34743,147
75231,147
11209,146
28270,146
33983,146
48221,145
90210,145
77033,145
76104,145
33614,144
10312,144
98102,144
80221,144
37415,144
20008,143
48234,143
77092,143
33023,142
77030,142
76207,142
92101,142
48204,142
98270,142
89103,142
90042,142
33170,141
27106,141
97086,141
97219,141
98115,141
90019,141
11357,140
11215,140
90026,140
77020,140
44134,140
77034,140
78259,140
33175,140
27701,139
98121,139
75234,139
33606,139
98155,138
34613,138
78228,138
33189,138
8701,137
37343,137
33069,137
89139,137
45202,137
78213,137
28304,137
37664,136
32303,136
33172,136
34788,136
32801,136
76110,136
89134,136
98908,135
98004,135
33607,135
19125,135
98106,134
85383,134
44135,134
78240,134
37214,134
44139,134
75220,134
27455,134
44106,134
44138,133
33982,133
78744,133
99337,133
32526,133
77803,133
33332,132
11221,132
33946,132
33990,132
19121,131
11375,131
78702,131
77384,131
27615,131
20003,131
34983,131
33323,131
76549,131
98133,131
28209,130
44116,130
33626,130
34224,130
75252,130
32608,130
33909,129
98144,129
75227,129
92612,129
48219,128
37312,128
85308,128
78701,128
10306,128
37922,128
77327,127
32277,127
78237,127
11236,127
33326,127
28202,126
33405,126
33126,126
33613,126
77023,126
28105,126
80123,126
10023,126
10013,126
78748,125
19128,125
32811,125
91342,124
80022,124
10011,124
89128,124
33616,124
38117,124
98058,124
76177,124
11434,123
98686,123
46239,123
60638,122
75605,122
77336,122
79936,122
89156,122
92805,122
77066,122
30341,122
34606,121
77048,121
98122,121
48203,121
98126,120
89107,120
28311,120
28405,120
77385,120
95687,120
33813,120
46205,120
47201,119
10304,119
80227,119
28803,119
32254,119
37210,119
32810,119
92649,119
77016,119
77028,118
30339,118
44108,118
60142,118
79706,118
46220,118
77380,118
27215,118
30306,117
32812,117
46202,117
85326,117
98125,117
11208,117
75201,117
33602,117
76133,116
27858,116
30314,116
27265,116
46237,116
89044,116
37212,115
30344,115
33974,115
37072,115
79932,115
11228,115
33714,114
80012,114
75212,114
11207,114
98404,114
98178,114
77581,114
60629,114
98226,114
37217,114
19134,113
89502,113
77045,113
37075,113
28806,113
60613,113
32839,113
98208,113
28387,112
37204,112
98112,112
76112,112
10065,112
92127,112
11356,111
37064,111
92602,111
33135,111
10019,111
93711,111
99336,111
94538,111
13905,110
98117,110
89166,110
43130,110
32401,110
11368,110
28601,110
85338,110
27616,110
10022,110
33884,109
27613,109
10301,109
48223,109
46218,109
78703,108
33972,108
33109,108
33071,108
80206,108
76708,108
92646,108
33412,108
75069,108
28203,108
60654,107
93730,107
77345,107
19122,107
75604,107
48236,107
98101,107
92130,107
75217,107
10305,107
37135,107
78248,107
77381,107
89120,106
48235,106
77706,106
89144,106
98168,106
78721,106
37203,106
11412,105
34474,105
98685,105
75043,105
94534,105
91604,105
77072,105
78216,105
75052,104
97217,104
38111,104
10463,104
27612,104
43062,104
75287,104
78503,104
80210,104
19143,104
95834,103
33803,103
11210,103
60641,103
28303,103
27406,103
33947,103
10469,103
79927,103
98662,103
98203,103
33764,102
76502,102
60637,102
33756,102
60625,102
37932,102
75238,102
60605,102
37127,102
27705,102
77071,102
38109,102
98108,102
78501,102
78731,102
44129,102
78217,102
27834,102
28804,101
32312,101
76210,101
19103,101
77068,101
98119,101
33881,101
34420,101
98006,101
27704,101
19124,101
78256,101
33953,100
90065,100
90006,100
75215,100
11385,100
33060,100
78526,100
32503,100
37122,100
60616,100
80228,99
32820,99
78041,99
98109,99
92807,99
60615,99
78723,99
78227,99
75703,99
37918,99
19119,99
33763,98
38127,98
33634,98
94605,98
33635,98
80209,98
90011,98
20037,98
90049,97
89142,97
33976,97
92603,97
37323,97
10014,97
33056,97
77074,97
19132,97
44110,97
90032,97
93720,97
10466,96
11203,96
89503,96
80233,96
11355,96
77073,96
37601,96
77041,96
98031,96
90018,96
97202,96
37218,95
48213,95
84103,95
98059,95
89183,95
60630,95
44112,95
11432,95
98661,95
19130,95
89104,95
32807,95
77047,95
92109,95
76548,95
30350,95
90004,95
75211,95
79911,95
98229,95
80023,95
32514,94
90048,94
11204,94
30311,94
30307,94
27513,94
85345,94
78520,94
77802,94
98116,93
10021,93
80238,93
20815,93
89119,93
97206,93
78747,93
53209,93
92801,93
60621,93
44146,93
30312,92
85382,92
46208,92
27609,92
78681,92
30317,92
19131,92
77058,92
48214,92
77040,92
33980,92
33168,92
78732,92
19139,92
75244,91
37615,91
90015,91
92704,91
27604,91
45208,91
28213,91
92103,91
33013,91
11238,90
44131,90
60642,90
77090,90
27410,90
60636,90
30308,90
99205,90
75063,90
90077,90
92154,90
94591,89
89130,89
38120,89
27617,89
98146,89
75232,89
44145,88
75224,88
89145,88
28625,88
37311,88
11233,88
89118,88
98199,88
78266,88
11420,87
60653,87
34475,87
77064,87
98166,86
60651,86
11358,86
33811,86
28312,86
10465,86
95125,86
75072,86
11230,86
60156,86
98012,86
32826,86
99338,86
11220,86
46219,86
34432,86
33637,85
11364,85
76132,85
98903,85
79109,85
90291,85
32805,85
32905,85
11373,85
76182,84
34987,84
11361,84
99207,84
75044,84
19120,84
37404,84
99223,84
75040,84
19123,84
27712,84
95835,83
44119,83
60608,83
98107,83
33144,83
76036,83
98422,83
48837,83
28212,83
33067,83
76208,83
92703,83
60607,82
77062,82
76119,82
19138,82
20032,82
78724,82
28403,82
37917,81
28801,81
77075,81
60660,81
38104,81
10024,81
27260,81
78229,81
95829,81
75241,81
33184,81
27606,81
98407,81
80241,81
60649,80
90024,80
95838,80
78746,80
34479,80
94536,80
48207,80
28207,80
77061,80
75048,79
28401,79
37931,79
32234,79
80220,79
44133,79
33064,79
76706,79
90036,79
32409,79
11413,79
32829,79
28054,79
60640,79
78219,79
79934,79
89109,78
80226,78
32301,78
98445,78
19144,78
75080,78
37934,78
92128,78
77002,78
11211,78
20017,78
77093,78
78725,78
44142,78
60639,78
97224,77
11421,77
76102,77
11436,77
38018,77
37604,77
76712,77
47448,77
99224,77
48202,77
90027,77
13903,76
30338,76
85379,76
33755,76
90022,76
98902,76
19106,76
60632,76
34607,75
34984,75
95823,75
28052,75
27262,75
11223,75
10471,75
37411,75
33409,75
28805,75
32607,75
97201,75
91105,75
32204,75
10309,75
77049,75
33411,75
32817,75
78207,75
27107,75
95818,75
97236,74
49058,74
30736,74
85396,74
78264,74
11374,74
33809,74
38118,74
10003,74
10028,74
80219,74
77590,74
37920,74
85037,74
77539,74
48220,73
94105,73
46234,73
53217,73
98684,73
90272,73
77015,73
11433,73
19464,72
98409,72
38128,72
79701,72
76135,72
91367,72
78204,72
37919,72
11369,72
33306,72
78717,72
97230,72
19111,72
76180,72
48239,72
27105,72
78735,72
38016,72
77713,72
94109,72
85301,72
98056,72
33954,71
93704,71
78754,71
97211,71
34610,71
77591,71
44460,71
98387,71
30354,70
33026,70
32506,70
11218,70
46236,70
37086,70
28262,70
44143,70
60609,70
89102,70
32220,70
98021,70
98136,70
33010,70
90016,69
93705,69
89519,69
89101,69
92118,69
53212,69
11435,69
48212,69
11379,69
98104,69
98374,69
98177,69
11377,69
95822,68
91042,68
75601,68
76262,68
99217,68
79424,68
11414,68
75013,68
94608,68
98032,68
11367,68
90037,68
46259,68
80014,68
33073,68
91316,68
76105,67
98033,67
90039,67
76111,67
85302,67
37416,67
80401,67
95123,67
37379,67
92804,67
89169,67
30506,67
60652,67
93726,67
60612,67
11362,66
28056,66
45242,66
92614,66
95688,66
98271,66
92336,66
77014,66
60626,66
60644,66
85355,66
34287,66
27103,66
91601,66
45230,66
84106,66
78521,66
60601,66
33761,66
46227,66
2127,65
80205,65
98665,65
76120,65
89106,65
12205,65
10016,65
60624,65
14701,65
80214,65
60623,65
91364,65
98516,64
32908,64
90044,64
98683,64
11419,64
27607,64
91335,64
19140,64
12206,64
11226,64
11216,64
11691,64
60098,64
98105,64
90063,64
78224,64
12208,64
98201,64
98030,64
79119,63
91356,63
98008,63
10461,63
95820,63
33174,63
77099,63
11231,63
97239,63
48225,63
20814,63
89146,63
98204,63
76118,63
46241,62
94621,62
95747,62
13205,62
44104,62
98036,62
85375,62
11365,62
27511,62
63116,62
44126,62
98444,62
76710,62
33805,62
37408,62
27405,62
46240,62
45227,62
80215,62
97209,62
10473,62
38114,62
92647,61
46217,61
33167,61
98312,61
98034,61
94110,61
78705,61
38119,61
44144,61
46260,61
84105,61
75035,61
84117,61
10027,61
98188,61
60631,61
60646,60
11217,60
46226,60
80033,60
97203,60
20012,60
48846,60
98335,60
92120,60
90029,60
19151,60
37406,60
84102,60
85351,60
28301,60
84121,59
79924,59
98901,59
92705,59
45226,59
77094,59
84108,59
75254,59
27127,59
75203,59
80212,59
31792,59
13901,59
48201,59
80202,58
19150,58
45205,58
11101,58
11372,58
37377,58
98087,58
75602,58
79765,58
98405,58
98664,58
85374,58
85387,57
91352,57
78203,57
44123,57
90062,57
85083,57
97266,57
85335,57
20024,57
43068,57
37938,56
32309,56
78739,56
80247,56
37069,56
13365,56
11360,56
13204,56
94603,56
14215,56
76008,56
91602,56
11224,56
24210,56
90008,56
75236,56
37419,56
91040,56
32308,55
98040,55
92707,55
19135,55
33193,55
63118,55
80249,55
76134,55
20036,55
80260,55
75235,55
27408,55
45255,55
98498,55
76148,55
95660,55
98371,55
97223,55
34286,55
33921,55
33028,54
77017,54
85381,54
32501,54
33014,54
80203,54
75223,54
90650,54
98052,54
98406,54
28305,54
95842,54
77328,54
90017,54
91326,54
14221,54
38103,54
92117,54
27028,53
60645,53
77808,53
94601,53
48813,53
90035,53
44103,53
30741,53
32605,53
10307,53
77065,53
43025,53
11417,53
78741,53
11378,53
11219,53
92115,52
30329,52
45245,52
97233,52
38112,52
48215,52
32179,52
11422,52
94107,52
19149,52
77032,52
75062,52
84119,52
75054,52
77011,52
44117,52
44127,52
02127,52
95136,52
78043,52
11418,52
63108,52
46256,51
28120,51
78664,51
27608,51
10308,51
37914,51
78757,51
75009,51
75038,51
98026,51
77505,51
89508,51
80222,51
45238,51
60655,51
99206,51
78211,51
94114,51
45231,51
32311,51
10128,51
33510,51
10075,50
11423,50
77029,50
95833,50
19133,50
5478,50
10025,50
11429,50
12203,50
76140,50
75034,50
32304,50
90005,50
10010,50
80239,50
13208,50
97213,50
91423,50
84770,50
11222,50
77053,49
95831,49
10467,49
11212,49
78728,49
84115,49
37067,49
33812,49
97267,49
90043,49
50428,49
90047,49
90031,49
85310,49
38106,49
99201,49
80007,49
46229,49
75081,49
92802,49
80232,49
92808,48
91311,48
34231,48
28134,48
34604,48
90028,48
46222,48
78753,48
78736,48
75240,48
95135,48
60659,48
27518,48
78751,48
89031,48
99203,47
18102,47
77081,47
85304,47
79902,47
75061,47
98466,47
95828,47
11694,47
75042,47
92701,47
80218,47
10303,47
91504,47
34269,47
76705,47
89436,47
90038,47
45243,47
2128,46
92107,46
99212,46
92104,46
94607,46
60124,46
10026,46
38107,46
27407,46
20743,46
19142,46
11225,46
32606,46
75701,46
77707,46
10462,46
28204,46
63104,46
20748,46
77502,46
80127,46
98408,46
93702,46
93706,45
92604,45
37080,45
76106,45
94112,45
38138,45
28206,45
44140,45
38115,45
84109,45
84111,45
98023,45
44114,45
91403,45
98499,45
33158,45
98513,45
89084,45
60656,45
19104,45
13350,45
38116,45
10012,45
78231,45
92105,45
43103,45
44132,45
19136,44
77078,44
85388,44
91401,44
97212,44
90292,44
37412,44
99202,44
92056,44
37341,44
20015,44
92106,44
48240,44
97210,44
78109,44
30326,44
45247,44
45223,44
34288,44
32266,44
91206,44
97220,44
27217,44
27856,44
90041,44
79703,44
76209,44
92114,44
76226,44
97221,43
77801,43
98506,43
32686,43
44136,43
84104,43
37663,43
02116,43
78238,43
94585,43
10001,43
60123,43
11427,43
46225,43
98512,43
20910,43
78550,43
91607,43
91106,43
49015,43
91306,43
49017,43
11411,42
78023,42
78214,42
85085,42
98311,42
80524,42
48230,42
32505,42
75060,42
78726,42
32809,42
77039,42
43113,42
77807,42
95051,42
78749,42
92116,42
85303,42
32502,42
91606,41
98225,41
91331,41
38125,41
32668,41
95111,41
89179,41
46250,41
98003,41
33136,41
33173,41
34488,41
90007,41
89439,41
78634,41
46235,41
84116,41
33759,41
85307,41
93723,41
97702,40
85395,40
98663,40
5452,40
94589,40
11249,40
94131,40
30345,40
90059,40
32504,40
81504,40
80237,40
77038,40
30340,40
94115,40
98502,40
76103,40
95816,40
92122,40
84107,40
90731,40
79606,40
20744,40
84120,39
98011,39
38122,39
77037,39
92131,39
80231,39
79602,39
80234,39
20005,39
31907,39
19127,39
19141,39
92392,39
10002,39
93535,39
79106,39
76707,38
95841,38
45239,38
10310,38
95112,38
91214,38
84101,38
11232,38
14224,38
92806,38
46221,38
91436,38
45211,38
33182,38
38135,38
75082,38
94121,38
77565,38
46228,38
93551,37
19118,37
75233,37
11205,37
37015,37
32202,37
97216,37
45209,37
32344,37
91801,37
45233,37
38134,37
75002,37
90012,37
12601,37
98055,37
98001,37
98028,37
94133,37
94103,37
89512,37
31757,37
37912,37
28602,37
13207,37
92111,37
32113,37
92592,37
45206,37
79925,37
19152,37
32081,37
84790,37
79423,37
92883,37
77705,37
98503,37
38108,37
94619,36
32653,36
92395,36
41701,36
91103,36
33765,36
98005,36
45244,36
90033,36
02118,36
95843,36
45249,36
85323,36
97225,36
85305,36
37219,36
93710,36
32641,36
78730,36
2116,36
92113,36
95403,36
45224,36
77087,36
37073,36
11366,36
94510,36
94301,36
14211,36
31419,36
61701,36
27403,36
94124,36
13206,36
84118,36
34238,36
37409,35
91104,35
79922,35
92054,35
75010,35
90023,35
63111,35
11426,35
49068,35
31088,35
44053,35
11213,35
92102,35
12603,35
33760,35
98418,35
14063,35
78733,35
80224,35
27401,35
77506,35
13210,35
95815,35
95138,35
19115,35
33815,35
75249,35
77365,35
90067,35
37923,35
77086,35
32310,35
95122,35
33716,35
20816,34
92129,34
92562,34
30707,34
32609,34
44141,34
20747,34
92201,34
79904,34
92108,34
98642,34
98501,34
48208,34
98290,34
80015,34
96003,34
93728,34
95824,34
92027,34
45237,34
91754,34
37924,34
81505,34
30360,34
95819,34
2118,34
91344,34
91304,34
81507,34
31768,33
97222,33
91406,33
02130,33
95133,33
93536,33
14225,33
78758,33
30337,33
98057,33
48105,33
12209,33
12210,33
34243,33
75707,33
94590,33
19102,33
10464,33
79118,33
84123,33
89143,33
90003,33
94602,33
10007,33
2740,33
77031,33
98370,33
48875,33
78750,32
92509,32
96001,32
50126,32
33973,32
46278,32
11206,32
79907,32
77401,32
93065,32
98072,32
32305,32
37220,32
85051,32
92692,32
10038,32
30363,32
98310,32
28217,32
98660,32
91001,32
75051,32
95817,32
90020,32
76028,32
63112,32
90045,32
45241,32
50401,31
44147,31
14207,31
95148,31
91605,31
02128,31
85306,31
95825,31
80230,31
75253,31
19116,31
22314,31
32317,31
78759,31
60564,31
12202,31
80207,31
90744,31
19107,31
14220,31
19154,31
14206,31
5446,31
20745,31
45204,31
95620,31
49037,31
33194,31
14048,31
30606,30
92503,30
75041,30
78752,30
95131,30
76117,30
22209,30
37921,30
93725,30
77012,30
92057,30
27263,30
91405,30
11428,30
97232,30
31093,30
76504,30
63109,30
33880,30
95991,30
74020,30
80465,30
75039,30
80547,30
48917,30
95624,30
95864,30
78208,30
33128,30
11105,29
94606,29
2110,29
91011,29
10701,29
92407,29
94123,29
61614,29
77503,29
20706,29
89052,29
2130,29
92126,29
92606,29
49014,29
11103,29
98346,29
02129,29
91505,29
14228,29
80235,29
93035,29
92084,29
27601,29
98296,29
89124,29
80246,29
92026,28
14213,28
12211,28
75023,28
11004,28
80236,28
97123,28
75024,28
78722,28
5403,28
60120,28
85029,28
30906,28
43076,28
19114,28
10302,28
90034,28
65202,28
27101,28
79605,28
95110,28
80528,28
95409,28
91402,28
98373,28
50436,28
80126,28
94118,28
80016,28
85023,28
90230,28
95054,28
45212,28
10456,28
28677,28
85373,28
32814,28
13904,28
98020,27
31904,27
34233,27
97701,27
48237,27
94611,27
75006,27
11102,27
84604,27
92203,27
91202,27
90066,27
48089,27
79124,27
43105,27
75033,27
76543,27
10457,27
77067,27
97215,27
17603,27
78225,27
90025,27
97214,27
94555,27
91761,27
61604,27
91307,27
94116,27
92394,27
90001,27
77504,27
75050,27
92545,27
33190,27
91325,27
93703,27
78073,27
93619,27
61704,26
5488,26
28021,26
98092,26
47401,26
45214,26
78263,26
92706,26
92708,26
95120,26
75093,26
48103,26
61615,26
18103,26
38139,26
95129,26
75075,26
46514,26
34236,26
90732,26
28773,26
98338,26
90094,26
95127,26
78205,26
10468,26
46204,26
38732,26
10460,26
91501,26
20772,26
79930,26
92029,26
14209,26
63103,26
94158,26
98607,26
93309,26
98053,26
92123,26
79110,26
11363,26
81005,26
48178,25
94122,25
45219,25
38141,25
78552,25
92335,25
11237,25
95821,25
97703,25
91732,25
92691,25
30501,25
91101,25
75210,25
11370,25
45215,25
45213,25
97301,25
92563,25
60506,25
78040,25
65203,25
95758,25
97231,25
98403,25
93552,24
91913,24
98375,24
10458,24
78727,24
99218,24
46254,24
11692,24
93550,24
11415,24
5672,24
34234,24
95356,24
84124,24
2210,24
46268,24
97302,24
44313,24
85043,24
34110,24
85392,24
95350,24
48910,24
97504,24
91320,24
45220,24
92544,24
89011,24
93311,24
91205,24
95826,24
91343,24
91201,24
93063,24
14217,24
10029,24
79935,24
99216,23
02108,23
94134,23
84129,23
77642,23
91324,23
89158,23
81503,23
98391,23
85353,23
92110,23
93001,23
37201,23
93455,23
76001,23
20912,23
11416,23
60707,23
10031,23
93291,23
98007,23
98037,23
34239,23
43055,23
89434,23
80525,23
02124,23
76164,23
33122,23
65802,23
93306,23
30313,23
95050,23
10036,23
13203,23
62704,22
90002,22
60540,22
92119,22
76115,22
84128,22
93737,22
30605,22
60435,22
45207,22
77489,22
94306,22
75025,22
37189,22
77085,22
38133,22
75007,22
92404,22
20770,22
95121,22
90293,22
79915,22
65807,22
80223,22
14722,22
90013,22
92591,22
75702,22
22204,22
85033,22
10708,22
89032,22
27605,22
33948,22
84321,22
19129,22
98465,22
2125,22
80634,22
02114,22
91387,21
45240,21
20746,21
98148,21
10030,21
32617,21
94117,21
14750,21
97306,21
60565,21
76205,21
5401,21
02122,21
91752,21
76012,21
10017,21
77076,21
63139,21
91411,21
32789,21
95116,21
95119,21
14226,21
44052,21
31204,21
32601,21
79416,21
79762,21
45236,21
11693,21
16508,21
37302,21
34241,21
1109,21
76541,21
13212,21
92337,21
45216,21
76201,21
32534,21
95126,20
94509,20
98467,20
94089,20
20817,20
43614,20
63110,20
94610,20
90710,20
02115,20
30346,20
48906,20
4963,20
48603,20
95404,20
2114,20
61822,20
5454,20
48226,20
78418,20
60073,20
45229,20
94014,20
94503,20
77046,20
98372,20
90241,20
91767,20
90064,20
98366,20
60606,20
75056,20
24202,20
44115,20
13215,20
14609,20
60505,20
5440,20
33762,20
18505,20
18104,20
33417,19
92376,19
90240,19
80010,19
92124,19
61107,19
90712,19
10009,19
89081,19
45251,19
44408,19
98043,19
76017,19
85339,19
14227,19
85035,19
80019,19
2124,19
93701,19
20901,19
96002,19
81501,19
95340,19
89074,19
14208,19
98446,19
90501,19
48210,19
76016,19
97205,19
31210,19
37909,19
34232,19
22201,19
85019,19
91350,19
2135,19
91739,19
95124,19
85027,19
20895,19
80005,19
90713,19
48091,19
75246,19
94609,19
02125,19
12204,19
02136,19
02132,19
31401,19
45217,18
85021,18
91208,18
31405,18
37403,18
10472,18
20782,18
92014,18
95407,18
92840,18
30904,18
17104,18
34291,18
95207,18
20785,18
22304,18
47404,18
78410,18
92071,18
60563,18
91766,18
92021,18
2122,18
17320,18
92139,18
34235,18
78729,18
93313,18
90057,18
95209,18
75202,18
98424,18
31909,18
60661,18
48503,18
95128,18
92557,18
78756,18
76657,18
75074,18
31632,18
34240,18
76501,18
10459,18
98275,18
92555,18
17403,18
30507,17
7004,17
80216,17
94102,17
90211,17
80526,17
14222,17
94553,17
43056,17
92081,17
19137,17
97304,17
24641,17
14787,17
4937,17
48229,17
95694,17
95219,17
97218,17
31216,17
95827,17
45248,17
27013,17
76013,17
5468,17
97402,17
75603,17
93534,17
78414,17
12936,17
95348,17
30909,17
14214,17
92882,17
10069,17
91803,17
44432,17
97707,17
95928,17
46214,17
90505,17
14216,17
14619,17
76002,17
13219,17
91791,17
91506,17
81506,17
93036,17
60502,17
13224,17
75704,17
24266,17
48104,17
75709,16
10704,16
91108,16
93003,16
20735,16
80920,16
94132,16
47714,16
81007,16
28034,16
46113,16
84606,16
95060,16
89501,16
90803,16
02119,16
92243,16
95355,16
30504,16
90715,16
99204,16
2129,16
92543,16
44306,16
61103,16
91351,16
91030,16
78412,16
20784,16
91107,16
02210,16
65803,16
77703,16
46814,16
90805,16
48911,16
11106,16
19126,16
20774,16
14613,16
64055,16
91764,16
45246,16
80918,16
47711,16
95132,16
95382,16
1604,15
91755,15
80304,15
48217,15
02121,15
91362,15
1108,15
77701,15
2108,15
93304,15
62702,15
60602,15
37665,15
80122,15
2119,15
2745,15
95206,15
79121,15
24370,15
24224,15
48218,15
91737,15
16504,15
27545,15
95351,15
79413,15
85053,15
22207,15
49424,15
61603,15
5476,15
80302,15
31643,15
31903,15
94544,15
61821,15
95118,15
91910,15
46516,15
65804,15
95757,15
29708,15
91354,15
02135,15
20740,15
43138,15
37902,15
92025,15
24230,15
94520,15
48211,15
31620,14
92504,14
77830,14
48912,14
90061,14
48849,14
93905,14
14210,14
95020,14
94804,14
64052,14
75237,14
92405,14
89012,14
5464,14
95993,14
61820,14
79905,14
91730,14
89014,14
79903,14
98443,14
14712,14
92508,14
2131,14
92507,14
78009,14
89030,14
43136,14
33578,14
20783,14
44708,14
77708,14
76040,14
49331,14
89002,14
20852,14
13209,14
80018,14
15201,14
44055,14
5474,14
75067,14
14212,14
65201,14
80013,14
2136,14
64050,14
05491,14
48638,14
46628,14
2601,14
97501,14
64114,14
1453,14
16502,14
48312,14
93955,14
98077,14
49423,14
80004,14
77013,14
13416,13
5450,13
91915,13
50441,13
91207,13
93611,13
46614,13
48209,13
10470,13
95380,13
61102,13
85017,13
97080,13
94127,13
63101,13
28544,13
94521,13
2111,13
75706,13
34289,13
80003,13
76005,13
85013,13
80906,13
10710,13
92833,13
94801,13
37407,13
20902,13
92506,13
79835,13
48310,13
98388,13
48602,13
61108,13
48876,13
95814,13
92843,13
10455,13
48809,13
77060,13
31906,13
97305,13
97124,13
79603,13
75036,13
19606,13
46845,13
91792,12
92083,12
24435,12
94108,12
93307,12
13211,12
90503,12
10280,12
10032,12
20705,12
49503,12
91203,12
90232,12
92865,12
28590,12
44312,12
91360,12
85009,12
44305,12
76006,12
95811,12
37397,12
48216,12
85015,12
79761,12
2115,12
89510,12
10004,12
91701,12
95678,12
43615,12
22307,12
98402,12
14621,12
76513,12
80112,12
02109,12
94705,12
19153,12
20737,12
61114,12
92551,12
34119,12
84403,12
10033,12
43764,12
60431,12
27040,12
90056,12
14201,12
20004,12
79601,12
95832,12
22303,12
80919,12
14223,12
80521,12
5482,12
79412,12
10705,12
94303,12
95341,12
16510,12
44721,12
13501,12
98074,12
61109,12
02131,12
92553,11
90810,11
10703,11
78566,11
92841,11
43046,11
17401,11
90640,11
44509,11
95134,11
02215,11
77050,11
45410,11
11040,11
30815,11
92627,11
95117,11
20781,11
93277,11
91303,11
60633,11
48915,11
91911,11
92173,11
80910,11
92869,11
77598,11
37402,11
14710,11
5495,11
85378,11
10037,11
49504,11
89431,11
65810,11
61705,11
47403,11
48108,11
15203,11
90010,11
43102,11
20712,11
94612,11
45225,11
76704,11
4957,11
44706,11
94618,11
17110,11
84601,11
02126,11
44431,11
97317,11
91340,11
75572,11
31602,11
93312,11
76039,11
92410,11
60603,11
14136,11
90802,11
91762,10
10453,10
14218,10
79103,10
10005,10
76711,10
49507,10
90212,10
98002,10
14757,10
91345,10
14070,10
16511,10
61525,10
22202,10
80905,10
98327,10
1854,10
2121,10
48604,10
97405,10
93033,10
1603,10
31206,10
60504,10
1105,10
47905,10
46805,10
1104,10
77702,10
97227,10
91355,10
47725,10
79107,10
30739,10
46224,10
22302,10
20722,10
81004,10
45406,10
76014,10
43107,10
92058,10
43606,10
93004,10
11005,10
91020,10
2132,10
92881,10
30742,10
5656,10
27282,10
28715,10
17404,10
64056,10
90808,10
94518,10
92009,10
13502,10
27560,10
91790,10
37350,10
44314,10
37143,10
65809,10
93110,10
43205,10
85031,10
63115,10
91204,10
48313,9
80301,9
37410,9
80031,9
80303,9
78215,9
64113,9
50438,9
80923,9
94541,9
49073,9
93292,9
28348,9
81001,9
43612,9
62703,9
34237,9
10034,9
31601,9
94402,9
92845,9
10035,9
79407,9
63113,9
22101,9
79403,9
76053,9
95139,9
75001,9
98039,9
30725,9
95926,9
50482,9
15206,9
80922,9
93454,9
93908,9
78660,9
43730,9
5471,9
46231,9
15212,9
90277,9
43731,9
49021,9
1605,9
46280,9
94401,9
37915,9
64057,9
98390,9
46077,9
49008,9
43613,9
02110,9
94558,9
38105,9
75146,9
48504,9
85007,9
76010,9
04666,9
10044,9
49006,9
76655,9
10451,9
89441,9
95062,9
05445,8
92020,8
85363,8
2655,8
1118,8
13406,8
95354,8
48609,8
22310,8
44301,8
92067,8
45417,8
95973,8
20874,8
98070,8
1606,8
43148,8
43112,8
80121,8
46815,8
30752,8
93907,8
14202,8
97030,8
80904,8
63105,8
93612,8
29707,8
47909,8
2632,8
98337,8
92879,8
60436,8
77547,8
45232,8
90021,8
48601,8
92019,8
1851,8
60433,8
18504,8
90804,8
90242,8
78653,8
31404,8
14782,8
90742,8
43008,8
1850,8
92011,8
64151,8
46825,8
61104,8
22315,8
98354,8
46835,8
5459,8
75150,8
98236,8
17102,8
44709,8
24211,8
30601,8
02113,8
14615,8
89015,8
15216,8
10452,8
77640,8
80305,8
78411,7
10006,7
92835,7
30750,7
49548,7
1129,7
80917,7
95203,7
98027,7
77396,7
46617,7
79410,7
14728,7
27409,7
22041,7
47710,7
13214,7
92008,7
1607,7
2648,7
64116,7
20721,7
14062,7
27012,7
2141,7
79102,7
78415,7
91914,7
1119,7
05443,7
80111,7
98303,7
12993,7
46637,7
11001,7
79763,7
94085,7
94087,7
93030,7
90504,7
20903,7
75181,7
92867,7
90807,7
41339,7
94531,7
78404,7
92411,7
81006,7
48532,7
92505,7
48507,7
45420,7
5458,7
80129,7
47408,7
84401,7
45405,7
49525,7
85003,7
77710,7
1852,7
46808,7
98075,7
48093,7
2215,7
46818,7
14204,7
49442,7
64108,7
92346,7
49050,7
90806,7
78413,7
94403,7
44718,7
78541,6
44707,6
91502,6
2630,6
2109,6
02111,6
31220,6
93458,6
92626,6
93591,6
10039,6
64112,6
46615,6
5465,6
22306,6
75077,6
43215,6
20603,6
16505,6
61101,6
22305,6
85020,6
31788,6
98606,6
30303,6
05456,6
37916,6
11104,6
92010,6
46517,6
98164,6
95357,6
92832,6
93650,6
79415,6
22301,6
76018,6
19601,6
50006,6
24283,6
64124,6
5461,6
31407,6
37347,6
77873,6
43623,6
43235,6
27284,6
46804,6
92868,6
64111,6
84404,6
20613,6
80915,6
49076,6
30607,6
10454,6
94015,6
93103,6
60503,6
64133,6
80002,6
14219,6
79414,6
19602,6
78617,6
80631,6
32110,6
81003,6
75708,6
17103,6
20850,6
50421,6
94545,6
93901,6
18508,6
90040,6
24260,6
93105,6
43135,6
44502,6
19604,6
94086,6
43154,6
43155,6
94104,6
43206,6
5444,6
45414,6
97442,6
47712,6
93305,6
20905,6
80017,6
63107,6
95210,6
79764,6
17238,6
97401,5
1128,5
91321,5
92377,5
98392,5
90815,5
43229,5
1151,5
98333,5
14612,5
33781,5
5457,5
22102,5
80011,5
91210,5
84084,5
94708,5
90813,5
95037,5
91731,5
94542,5
49505,5
5455,5
5447,5
14608,5
2126,5
92590,5
48890,5
1602,5
48822,5
44714,5
90247,5
18101,5
48865,5
89161,5
94806,5
5441,5
79766,5
84081,5
43611,5
31626,5
90302,5
62711,5
47720,5
78226,5
46635,5
81008,5
22003,5
95008,5
5494,5
15213,5
43777,5
95401,5
48092,5
15211,5
14620,5
20906,5
49508,5
32331,5
17602,5
15217,5
95204,5
1610,5
14718,5
94111,5
90014,5
24649,5
64131,5
95205,5
20601,5
46809,5
31773,5
18510,5
44320,5
64123,5
18509,5
19020,5
46616,5
18109,5
43023,5
31217,4
77532,4
15222,4
14733,4
64145,4
24656,4
75226,4
27523,4
37082,4
38126,4
15243,4
75104,4
43204,4
41774,4
31201,4
44511,4
46806,4
10040,4
80907,4
32603,4
2120,4
48851,4
92501,4
24609,4
14719,4
22031,4
14781,4
93109,4
76701,4
98360,4
44303,4
5492,4
46803,4
24228,4
43968,4
90248,4
44703,4
22015,4
75705,4
31605,4
79782,4
49048,4
45402,4
2744,4
45424,4
93308,4
2134,4
24361,4
45252,4
77450,4
80909,4
22311,4
78613,4
24271,4
43214,4
97403,4
95661,4
14755,4
61606,4
31901,4
43701,4
60827,4
94702,4
37167,4
27514,4
64155,4
80921,4
49096,4
45644,4
47715,4
95867,4
97404,4
75159,4
22153,4
43230,4
65806,4
46816,4
78577,4
31738,4
48861,4
43224,4
11109,4
80924,4
80110,4
93111,4
28704,4
80021,4
10018,4
45218,4
29715,4
64132,4
16503,4
48815,4
20879,4
92844,4
44423,4
48314,4
79411,4
48088,4
90402,4
5655,4
64109,4
27517,4
44705,4
22206,4
64118,4
75149,4
50469,4
14747,4
14611,4
94519,4
22203,4
02467,4
95358,4
50475,4
49004,4
43783,4
91768,4
44505,4
77868,3
44504,3
20904,3
92121,3
31820,3
14034,3
34242,3
48433,3
20616,3
80925,3
92880,3
43735,3
43760,3
20710,3
95030,3
27209,3
46619,3
15228,3
43223,3
43739,3
44490,3
78405,3
75154,3
46613,3
15210,3
45404,3
14716,3
27301,3
33782,3
75094,3
14784,3
24225,3
91776,3
14138,3
75068,3
5404,3
95405,3
46807,3
63106,3
37659,3
16507,3
50434,3
14738,3
44507,3
84528,3
95130,3
44310,3
48881,3
94710,3
97204,3
32336,3
61605,3
75247,3
43222,3
5661,3
77831,3
79015,3
49007,3
60432,3
75088,3
14606,3
59436,3
41722,3
14723,3
64053,3
76579,3
76065,3
22044,3
43081,3
46802,3
24272,3
15208,3
14610,3
31415,3
28016,3
93314,3
33839,3
79101,3
49001,3
27503,3
47904,3
33063,3
30901,3
64117,3
14605,3
80927,3
2635,3
49033,3
13202,3
43211,3
24614,3
20607,3
48506,3
24270,3
24639,3
50478,3
95452,3
21029,3
22079,3
31406,3
92831,3
43149,3
37351,3
64152,3
91775,3
20878,3
98029,3
79108,3
31211,3
76051,3
94703,3
20707,3
90305,3
05462,3
77477,3
16509,3
22182,3
5408,3
98292,3
02134,3
78742,3
98206,3
91390,3
79404,3
93301,3
60604,3
24631,3
49224,2
20841,2
2113,2
77449,2
41834,2
37010,2
27310,2
28391,2
43605,2
78626,2
92866,2
98332,2
20854,2
31625,2
63136,2
30757,2
43620,2
95065,2
30566,2
92585,2
80938,2
94805,2
14742,2
32669,2
22046,2
94304,2
24226,2
50452,2
43212,2
42740,2
27302,2
20832,2
94704,2
89433,2
43228,2
80908,2
79104,2
43119,2
43026,2
44223,2
94580,2
27587,2
63102,2
94525,2
30907,2
15234,2
22151,2
97006,2
75057,2
21044,2
46819,2
41719,2
43607,2
49546,2
98580,2
98047,2
24280,2
94709,2
5486,2
49506,2
92782,2
80130,2
43033,2
33840,2
93108,2
93721,2
15219,2
62712,2
44307,2
93101,2
20723,2
43209,2
43150,2
33584,2
14129,2
48897,2
5442,2
47713,2
19006,2
64158,2
34990,2
20877,2
44514,2
45403,2
43035,2
19607,2
43213,2
81520,2
43227,2
64128,2
63147,2
95002,2
77720,2
75650,2
75762,2
2675,2
27214,2
30738,2
98359,2
89004,2
2746,2
22309,2
91733,2
98367,2
95625,2
43157,2
94022,2
20708,2
31005,2
33776,2
27377,2
33549,2
50479,2
20769,2
22150,2
77861,2
22152,2
64130,2
64157,2
28720,2
31629,2
1107,2
15224,2
48933,2
77338,2
63120,2
99016,2
43203,2
64105,2
90740,2
92408,2
43617,2
44512,2
32082,2
14081,2
80951,2
20759,2
16501,2
80916,2
5460,2
76011,2
43610,2
10474,2
93906,2
84729,2
64110,2
33594,2
22066,2
89155,2
28107,2
43920,2
91902,2
47458,2
64154,2
43221,2
48473,2
5470,2
95212,2
80128,2
43232,2
,2
2668,2
10475,2
78578,2
80124,2
60046,2
05487,2
31778,2
85012,2
64139,2
2140,2
20602,2
05469,2
43207,2
95830,2
95070,2
94803,2
97408,2
5483,2
24245,2
44455,2
89086,2
14772,2
5448,2
02120,2
11020,2
43202,2
80903,2
64054,1
37721,1
37853,1
32792,1
95616,1
81023,1
64146,1
14887,1
92683,1
44405,1
32073,1
10282,1
50439,1
41630,1
76503,1
05472,1
14785,1
41822,1
61008,1
10583,1
94305,1
1609,1
50470,1
78522,1
41651,1
77010,1
33844,1
22308,1
44333,1
94040,1
78545,1
46163,1
98321,1
14726,1
92834,1
62707,1
28012,1
45157,1
43830,1
90630,1
49302,1
37241,1
48860,1
78652,1
15214,1
75662,1
64119,1
78641,1
50431,1
77586,1
48197,1
49284,1
77433,1
41740,1
3316,1
77842,1
92657,1
78069,1
22043,1
63123,1
31831,1
41739,1
41839,1
80020,1
41777,1
28081,1
10707,1
33559,1
19611,1
61528,1
49445,1
37686,1
98038,1
77511,1
20763,1
15232,1
41749,1
97739,1
76633,1
20190,1
43609,1
49245,1
79837,1
80455,1
79710,1
43231,1
15226,1
43065,1
48165,1
89595,1
30677,1
78540,1
63143,1
48623,1
50457,1
41619,1
98010,1
80113,1
05473,1
34762,1
20777,1
05642,1
1611,1
15205,1
31052,1
24237,1
41751,1
64127,1
1608,1
99021,1
11697,1
78697,1
44302,1
1103,1
28748,1
44510,1
64163,1
81069,1
14203,1
79401,1
22039,1
75771,1
84518,1
20695,1
78112,1
77373,1
84044,1
79836,1
37014,1
45203,1
15207,1
60532,1
20855,1
43054,1
78408,1
47901,1
90814,1
43604,1
5477,1
41759,1
27278,1
75207,1
15342,1
96087,1
32092,1
2467,1
76559,1
95035,1
44311,1
14752,1
20876,1
41645,1
93606,1
14616,1
90058,1
34698,1
49046,1
41831,1
61736,1
14027,1
28201,1
75757,1
22180,1
77866,1
45432,1
33903,1
63130,1
48505,1
24637,1
43201,1
20853,1
61761,1
90278,1
41666,1
98380,1
5874,1
94587,1
24646,1
43219,1
98439,1
84521,1
33000,1
33004,1
50423,1
77583,1
20866,1
28080,1
63125,1
48607,1
85004,1
32696,1
22032,1
38002,1
75693,1
41723,1
17101,1
12996,1
64138,1
94707,1
44445,1
99004,1
92561,1
50525,1
30726,1
20896,1
50071,1
89105,1
46290,1
64153,1
75126,1
32703,1
85024,1
17601,1
44443,1
33785,1
92325,1
44319,1
10706,1
33009,1
63117,1
85041,1
77249,1
13790,1
97530,1
78144,1
46601,1
41640,1
43220,1
77568,1
22312,1
20886,1
33083,1
30297,1
48827,1
37046,1
14607,1
14720,1
14111,1
37037,1
2199,1
27529,1
32751,1
90304,1
44493,1
20006,1
79525,1
43791,1
1106,1
75098,1
32618,1
78719,1
13850,1
46216,1
92028,1
44304,1
44710,1
02199,1
38017,1
31543,1
43746,1
50453,1
28613,1
91763,1
37871,1
44515,1
79382,1
48168,1
77498,1
5489,1
34761,1
43608,1
48502,1
64125,1
32784,1
46060,1
38028,1
98342,1
64134,1
80403,1
43782,1
92583,1
77546,1
24220,1
37643,1
32333,1
41754,1
92630,1
14006,1
79755,1
15204,1
41836,1
84341,1
20720,1
44308,1
34787,1
92251,1
78409,1
15233,1
37052,1
85022,1
27358,1
32362,1
31322,1
14166,1
33596,1
48838,1
76015,1
32765,1
80620,1
41776,1
27592,1
49441,1
20191,1
48821,1
37620,1
64015,1
44704,1
